../Instances/p1 result: 
customer arrange: 8 2 1 6 3 8 2 4 4 1 4 0 3 2 8 3 2 0 6 4 3 4 6 4 2 6 1 6 0 1 2 6 0 3 4 4 4 3 0 4 3 8 1 6 4 0 2 0 4 0 
facility : 1 1 1 1 1 0 1 0 1 0 
cost is 8848
this case waste time is 2.162 s
===================================================================
../Instances/p2 result: 
customer arrange: 8 2 1 6 3 8 2 4 4 1 9 0 3 2 8 3 4 0 9 4 3 4 6 4 2 6 1 6 0 1 2 6 0 3 9 4 4 3 0 4 3 8 1 6 4 0 2 0 4 0 
facility : 1 1 1 1 1 0 1 0 1 1 
cost is 7913
this case waste time is 2.063 s
===================================================================
../Instances/p3 result: 
customer arrange: 8 2 5 6 3 8 2 4 4 5 4 0 3 2 8 3 4 0 6 4 3 4 6 4 2 5 3 5 0 5 2 6 0 3 2 4 4 3 0 4 5 8 3 5 4 0 2 0 4 0 
facility : 1 0 1 1 1 1 1 0 1 0 
cost is 9487
this case waste time is 1.79 s
===================================================================
../Instances/p4 result: 
customer arrange: 8 2 1 6 3 8 2 4 4 1 4 0 3 2 8 3 2 0 6 4 3 4 6 4 2 6 1 6 0 1 2 6 0 3 4 4 4 3 0 4 3 8 1 6 4 0 2 0 4 0 
facility : 1 1 1 1 1 0 1 0 1 0 
cost is 10714
this case waste time is 1.745 s
===================================================================
../Instances/p5 result: 
customer arrange: 8 8 1 6 3 8 2 4 4 1 9 8 3 2 8 3 2 0 9 9 3 8 6 4 2 6 1 1 0 1 2 6 0 3 9 4 4 3 0 4 1 8 1 6 4 0 9 3 4 0 
facility : 1 1 1 1 1 0 1 0 1 1 
cost is 8838
this case waste time is 1.861 s
===================================================================
../Instances/p6 result: 
customer arrange: 8 8 1 6 3 8 2 4 4 1 9 8 3 2 8 3 4 0 9 7 3 8 6 4 2 6 1 1 0 1 2 6 0 3 9 4 4 3 0 4 1 8 1 6 7 0 2 3 7 0 
facility : 1 1 1 1 1 0 1 1 1 1 
cost is 7777
this case waste time is 1.759 s
===================================================================
../Instances/p7 result: 
customer arrange: 8 8 1 6 3 8 2 4 4 1 9 8 3 2 8 3 2 0 9 9 3 8 6 4 2 6 1 1 0 1 2 6 0 3 9 4 4 3 0 4 1 8 1 6 4 0 9 3 4 0 
facility : 1 1 1 1 1 0 1 0 1 1 
cost is 9488
this case waste time is 1.741 s
===================================================================
../Instances/p8 result: 
customer arrange: 8 8 1 6 3 8 2 4 4 1 9 8 3 2 8 3 2 0 9 9 3 8 6 4 2 6 1 1 0 1 2 6 0 3 9 4 4 3 0 4 1 8 1 6 4 0 9 3 4 0 
facility : 1 1 1 1 1 0 1 0 1 1 
cost is 11088
this case waste time is 2.065 s
===================================================================
../Instances/p9 result: 
customer arrange: 8 8 1 6 1 8 2 4 4 1 4 8 0 2 8 0 2 0 6 4 1 8 6 4 2 6 1 1 8 1 2 6 0 0 4 4 4 1 0 4 1 8 1 6 4 0 2 0 4 0 
facility : 1 1 1 0 1 0 1 0 1 0 
cost is 8462
this case waste time is 1.839 s
===================================================================
../Instances/p10 result: 
customer arrange: 8 8 1 6 3 8 2 4 4 1 4 8 3 2 8 3 4 0 6 7 3 8 6 4 2 6 1 1 0 1 2 6 0 3 4 4 4 3 0 4 1 8 1 6 7 0 4 0 4 0 
facility : 1 1 1 1 1 0 1 1 1 0 
cost is 7617
this case waste time is 1.568 s
===================================================================
../Instances/p11 result: 
customer arrange: 8 8 1 6 1 8 2 4 4 1 4 8 0 2 8 0 2 0 6 4 1 8 6 4 2 6 1 1 8 1 2 6 0 0 4 4 4 1 0 4 1 8 1 6 4 0 2 0 4 0 
facility : 1 1 1 0 1 0 1 0 1 0 
cost is 8932
this case waste time is 1.494 s
===================================================================
../Instances/p12 result: 
customer arrange: 8 8 1 6 1 8 2 4 4 1 4 8 0 2 8 0 2 0 6 4 1 8 6 4 2 6 1 1 8 1 2 6 0 0 4 4 4 1 0 4 1 8 1 6 4 0 2 0 4 0 
facility : 1 1 1 0 1 0 1 0 1 0 
cost is 10132
this case waste time is 2.087 s
===================================================================
../Instances/p13 result: 
customer arrange: 0 12 10 10 19 12 17 13 12 17 15 19 19 10 13 3 15 10 17 9 12 15 15 19 9 17 0 17 3 17 13 15 13 0 3 10 3 19 19 13 9 0 15 0 3 13 12 10 19 9 
facility : 1 0 0 1 0 0 0 0 0 1 1 0 1 1 0 1 0 1 0 1 
cost is 8333
this case waste time is 1.637 s
===================================================================
../Instances/p14 result: 
customer arrange: 16 3 10 10 19 13 17 13 14 17 15 19 19 10 13 3 15 10 17 9 14 15 15 19 9 17 16 17 3 17 13 15 13 16 3 10 3 19 19 13 9 16 15 16 3 13 14 10 19 9 
facility : 0 0 0 1 0 0 0 0 0 1 1 0 0 1 1 1 1 1 0 1 
cost is 7137
this case waste time is 1.579 s
===================================================================
../Instances/p15 result: 
customer arrange: 16 3 10 10 19 13 17 13 3 17 15 19 19 6 13 3 15 10 17 6 15 15 15 19 6 17 16 17 3 17 13 15 13 16 3 10 3 19 19 13 6 16 16 16 3 13 15 10 19 6 
facility : 0 0 0 1 0 0 1 0 0 0 1 0 0 1 0 1 1 1 0 1 
cost is 8835
this case waste time is 2.018 s
===================================================================
../Instances/p16 result: 
customer arrange: 16 3 10 10 19 13 17 13 3 17 15 19 19 10 13 3 15 10 17 9 15 15 15 19 9 17 16 17 3 17 13 15 13 16 3 10 3 19 19 13 9 16 16 16 3 13 15 10 19 9 
facility : 0 0 0 1 0 0 0 0 0 1 1 0 0 1 0 1 1 1 0 1 
cost is 10408
this case waste time is 1.804 s
===================================================================
../Instances/p17 result: 
customer arrange: 16 12 10 10 12 12 17 13 12 17 15 19 19 10 13 12 15 10 17 9 12 15 15 19 9 19 16 17 12 17 13 15 13 16 12 10 17 19 19 13 9 16 15 16 9 13 12 10 19 9 
facility : 0 0 0 0 0 0 0 0 0 1 1 0 1 1 0 1 1 1 0 1 
cost is 8340
this case waste time is 1.641 s
===================================================================
../Instances/p18 result: 
customer arrange: 16 12 10 10 19 12 17 13 12 17 15 19 19 10 13 3 15 10 17 9 12 15 15 19 9 17 16 17 3 17 13 15 13 16 3 10 3 19 19 13 9 16 15 16 3 13 12 10 19 9 
facility : 0 0 0 1 0 0 0 0 0 1 1 0 1 1 0 1 1 1 0 1 
cost is 7188
this case waste time is 1.81 s
===================================================================
../Instances/p19 result: 
customer arrange: 16 3 10 10 19 15 17 13 14 17 15 19 19 10 13 3 15 10 17 9 14 15 15 19 9 17 16 17 3 17 13 15 13 16 3 10 3 19 19 13 9 16 15 16 3 13 14 10 19 9 
facility : 0 0 0 1 0 0 0 0 0 1 1 0 0 1 1 1 1 1 0 1 
cost is 8925
this case waste time is 1.918 s
===================================================================
../Instances/p20 result: 
customer arrange: 16 3 10 10 19 13 17 13 3 17 15 19 19 6 13 3 15 10 17 6 15 15 15 19 6 17 16 17 3 17 13 15 13 16 3 10 3 19 19 13 6 16 15 16 3 13 10 10 19 6 
facility : 0 0 0 1 0 0 1 0 0 0 1 0 0 1 0 1 1 1 0 1 
cost is 10487
this case waste time is 1.645 s
===================================================================
../Instances/p21 result: 
customer arrange: 16 12 10 10 19 12 17 13 12 17 15 19 19 10 13 12 15 10 17 9 12 15 15 19 9 17 16 17 12 17 13 15 13 16 12 10 17 19 19 13 10 16 15 16 9 13 12 10 19 9 
facility : 0 0 0 0 0 0 0 0 0 1 1 0 1 1 0 1 1 1 0 1 
cost is 8236
this case waste time is 1.666 s
===================================================================
../Instances/p22 result: 
customer arrange: 16 3 10 10 19 15 17 13 14 17 15 19 19 6 13 3 15 10 17 6 14 15 15 19 6 17 16 17 3 17 13 15 13 16 3 10 3 19 19 13 6 16 15 16 3 13 14 10 19 6 
facility : 0 0 0 1 0 0 1 0 0 0 1 0 0 1 1 1 1 1 0 1 
cost is 7152
this case waste time is 2.232 s
===================================================================
../Instances/p23 result: 
customer arrange: 16 3 10 10 19 15 17 13 3 17 15 19 19 10 13 3 15 10 17 9 15 15 15 19 9 17 16 17 3 17 13 15 13 16 3 10 3 19 19 13 10 16 15 16 3 13 15 10 19 9 
facility : 0 0 0 1 0 0 0 0 0 1 1 0 0 1 0 1 1 1 0 1 
cost is 8774
this case waste time is 1.613 s
===================================================================
../Instances/p24 result: 
customer arrange: 16 3 10 10 19 15 17 13 3 17 15 19 19 10 13 3 15 10 17 3 15 15 15 19 10 17 16 17 3 17 13 15 13 16 3 10 3 19 19 13 10 16 15 16 3 13 15 10 19 3 
facility : 0 0 0 1 0 0 0 0 0 0 1 0 0 1 0 1 1 1 0 1 
cost is 10301
this case waste time is 1.816 s
===================================================================
../Instances/p25 result: 
customer arrange: 20 25 20 14 20 5 2 24 14 17 24 8 8 20 2 14 14 17 5 0 14 0 5 17 5 8 2 24 5 24 5 25 20 25 20 20 24 24 0 14 0 14 24 8 24 14 0 20 25 8 5 14 14 5 20 20 17 25 0 14 0 5 20 0 0 25 24 0 24 24 20 20 5 17 24 8 24 20 14 24 20 0 20 17 2 17 17 0 20 5 2 24 17 0 0 24 2 14 25 20 8 17 14 25 2 25 0 0 14 8 14 14 2 0 25 25 24 24 24 24 5 8 25 20 8 0 5 24 0 25 0 0 24 5 8 14 0 5 20 17 0 8 20 14 8 25 25 5 2 5 
facility : 1 0 1 0 0 1 0 0 1 0 0 0 0 0 1 0 0 1 0 0 1 0 0 0 1 1 0 0 0 0 
cost is 12006
this case waste time is 3.458 s
===================================================================
../Instances/p26 result: 
customer arrange: 20 11 20 14 20 5 14 24 14 17 24 8 8 20 0 14 14 17 5 11 14 0 5 0 5 8 0 24 5 24 5 11 20 11 20 20 24 24 11 14 0 14 24 8 24 14 0 20 11 8 5 14 14 5 20 20 17 11 11 14 0 5 20 11 11 11 24 0 5 24 20 20 11 0 24 8 24 20 14 24 20 0 20 17 0 17 17 0 20 5 0 24 0 11 0 24 14 0 11 20 8 0 17 11 14 5 0 11 14 8 14 14 17 11 11 11 24 24 24 24 5 8 11 20 8 0 5 24 0 11 0 11 24 5 8 14 0 5 20 17 0 8 20 14 8 11 11 5 17 5 
facility : 1 0 0 0 0 1 0 0 1 0 0 1 0 0 1 0 0 1 0 0 1 0 0 0 1 0 0 0 0 0 
cost is 10773
this case waste time is 3.104 s
===================================================================
../Instances/p27 result: 
customer arrange: 20 11 20 14 20 5 14 24 14 17 24 8 8 20 0 14 14 17 5 11 14 0 5 0 5 8 0 24 5 24 5 11 20 11 20 20 24 24 0 14 0 8 24 8 24 14 0 20 11 8 5 14 14 5 20 20 17 11 11 14 0 5 20 11 11 11 24 0 24 24 20 20 11 0 24 8 24 20 14 24 20 0 20 17 0 17 17 0 20 5 14 24 0 11 0 24 14 0 11 20 8 0 17 11 14 5 0 11 14 8 14 14 17 11 11 11 24 24 24 24 5 8 11 20 8 0 5 24 0 11 0 11 24 5 8 14 0 5 20 17 0 8 20 14 8 11 11 5 17 5 
facility : 1 0 0 0 0 1 0 0 1 0 0 1 0 0 1 0 0 1 0 0 1 0 0 0 1 0 0 0 0 0 
cost is 12380
this case waste time is 3.479 s
===================================================================
../Instances/p28 result: 
customer arrange: 20 11 20 2 20 5 0 24 14 0 24 20 14 20 0 14 14 0 5 11 2 0 5 0 5 20 2 24 5 24 5 11 20 11 20 20 24 24 11 14 0 14 24 11 24 14 11 20 11 14 5 14 14 5 20 20 2 11 11 14 0 5 20 11 11 11 24 0 24 24 20 20 11 0 24 20 24 20 14 24 20 0 20 0 0 0 2 0 20 5 2 24 0 11 0 24 2 11 11 20 20 0 14 11 2 5 0 11 14 14 14 14 2 11 11 11 24 24 24 24 5 14 11 20 20 11 5 24 11 11 0 11 24 5 14 14 0 5 20 0 0 20 20 14 20 11 11 5 2 5 
facility : 1 0 1 0 0 1 0 0 0 0 0 1 0 0 1 0 0 0 0 0 1 0 0 0 1 0 0 0 0 0 
cost is 13837
this case waste time is 3.375 s
===================================================================
../Instances/p29 result: 
customer arrange: 20 11 13 2 20 5 2 24 8 17 21 8 8 20 17 14 14 17 5 11 2 0 21 17 21 8 2 24 5 5 21 11 13 11 20 20 24 24 0 14 0 14 24 8 24 14 0 13 11 8 21 14 14 5 13 20 17 21 0 14 0 5 20 0 11 11 24 0 21 21 20 20 11 17 24 8 21 20 14 24 20 0 13 17 2 17 17 0 20 5 2 24 17 11 17 5 2 2 21 13 8 17 17 11 2 5 17 11 14 8 14 14 2 11 11 21 24 24 5 24 5 8 11 13 8 0 5 21 0 21 0 11 24 21 8 14 0 5 20 17 0 8 20 14 8 11 11 5 2 5 
facility : 1 0 1 0 0 1 0 0 1 0 0 1 0 1 1 0 0 1 0 0 1 1 0 0 1 0 0 0 0 0 
cost is 12893
this case waste time is 2.748 s
===================================================================
../Instances/p30 result: 
customer arrange: 20 11 13 14 20 5 7 24 8 17 22 20 8 20 7 14 14 17 5 11 17 0 22 7 22 8 17 24 5 22 5 11 13 11 20 20 24 24 0 14 0 8 24 8 24 14 7 13 11 8 5 8 14 5 13 20 17 11 0 14 0 5 20 0 11 11 22 0 22 22 20 13 11 0 24 8 22 20 14 24 20 7 13 17 7 17 17 7 20 5 17 24 17 11 7 5 14 7 5 13 8 7 17 11 17 5 7 11 14 8 14 14 17 11 11 0 24 24 24 24 5 8 11 13 8 0 5 22 0 0 0 0 24 22 8 14 7 5 20 17 0 8 20 14 8 11 11 5 17 5 
facility : 1 0 0 0 0 1 0 1 1 0 0 1 0 1 1 0 0 1 0 0 1 0 1 0 1 0 0 0 0 0 
cost is 11669
this case waste time is 3.803 s
===================================================================
../Instances/p31 result: 
customer arrange: 20 11 13 2 20 5 2 24 14 17 25 8 8 20 2 14 14 17 25 11 2 0 25 17 25 8 2 24 5 5 25 25 13 25 20 20 24 24 0 14 0 14 24 8 24 14 0 13 11 8 25 14 14 5 13 20 17 11 0 14 0 5 20 11 11 11 24 0 25 25 20 20 11 17 24 8 5 20 2 24 20 0 13 17 2 17 17 0 20 5 2 24 17 11 17 5 2 2 25 13 8 17 17 25 2 25 17 11 14 8 14 14 2 11 11 25 24 24 5 24 5 8 25 13 8 0 5 5 0 11 0 11 24 11 8 14 17 5 20 17 0 8 20 14 8 25 25 5 2 5 
facility : 1 0 1 0 0 1 0 0 1 0 0 1 0 1 1 0 0 1 0 0 1 0 0 0 1 1 0 0 0 0 
cost is 13608
this case waste time is 2.855 s
===================================================================
../Instances/p32 result: 
customer arrange: 20 11 13 14 20 5 7 24 8 17 25 20 8 20 7 14 14 17 25 11 17 0 25 7 25 8 17 24 5 5 25 25 13 25 20 20 24 24 0 14 0 8 24 8 24 14 7 13 11 8 25 8 14 5 13 20 17 11 0 14 0 5 20 11 11 11 24 0 25 25 20 13 11 0 24 8 5 20 14 24 20 7 13 17 7 17 17 7 20 5 17 24 17 11 7 5 14 7 25 13 8 7 17 25 17 25 7 11 14 8 14 14 17 11 11 11 24 24 5 24 5 8 25 13 8 0 5 5 0 25 0 11 24 11 8 14 7 5 20 17 0 8 20 14 8 11 25 5 17 5 
facility : 1 0 0 0 0 1 0 1 1 0 0 1 0 1 1 0 0 1 0 0 1 0 0 0 1 1 0 0 0 0 
cost is 16088
this case waste time is 3.451 s
===================================================================
../Instances/p33 result: 
customer arrange: 20 25 13 2 13 5 2 24 14 17 5 20 20 20 17 14 14 17 5 0 2 0 5 17 5 20 2 24 5 24 5 25 13 25 20 20 24 24 0 14 0 14 24 14 24 14 0 13 25 14 5 14 14 5 13 20 17 25 0 14 0 5 20 0 0 25 24 0 5 5 13 13 5 17 24 20 24 20 14 24 20 0 13 17 17 17 17 0 20 5 2 24 17 0 17 24 2 2 25 13 20 17 17 25 2 25 17 0 14 14 14 14 2 0 25 25 24 24 24 24 5 20 25 13 20 0 5 24 0 25 0 0 24 5 14 14 17 5 20 17 0 20 20 14 20 25 25 5 2 5 
facility : 1 0 1 0 0 1 0 0 0 0 0 0 0 1 1 0 0 1 0 0 1 0 0 0 1 1 0 0 0 0 
cost is 12283
this case waste time is 2.797 s
===================================================================
../Instances/p34 result: 
customer arrange: 20 11 20 14 20 5 17 24 14 17 5 8 8 20 0 14 14 17 5 11 14 0 5 17 5 8 17 24 5 24 5 11 8 11 20 20 24 24 0 14 0 14 24 8 24 14 0 20 11 8 5 14 14 5 20 20 17 11 0 14 0 5 20 11 11 11 24 0 24 5 8 20 11 17 24 8 24 20 14 24 20 0 20 17 17 17 17 0 20 5 17 24 17 11 0 5 14 14 11 20 8 17 17 11 17 5 17 11 14 8 14 14 17 11 11 11 24 24 24 24 5 8 11 20 8 0 5 24 0 11 0 11 24 5 8 14 0 5 20 17 0 8 20 14 8 11 11 5 17 5 
facility : 1 0 0 0 0 1 0 0 1 0 0 1 0 0 1 0 0 1 0 0 1 0 0 0 1 0 0 0 0 0 
cost is 10632
this case waste time is 3.43 s
===================================================================
../Instances/p35 result: 
customer arrange: 20 25 20 2 8 5 2 24 14 17 5 8 8 20 17 14 14 17 5 0 2 0 5 17 5 8 2 24 5 24 5 25 20 25 20 20 24 24 0 14 0 14 24 8 24 14 0 20 25 8 5 14 14 5 20 20 17 25 0 14 0 5 20 0 0 25 24 0 5 5 8 20 5 17 24 8 24 20 14 24 20 0 20 17 17 17 17 0 20 5 2 24 17 0 17 24 2 2 25 8 8 17 17 25 2 25 17 0 14 8 14 14 2 0 25 25 24 24 24 24 5 8 25 20 8 0 5 24 0 25 0 0 24 5 8 14 17 5 20 17 0 8 20 14 8 25 25 5 2 5 
facility : 1 0 1 0 0 1 0 0 1 0 0 0 0 0 1 0 0 1 0 0 1 0 0 0 1 1 0 0 0 0 
cost is 12684
this case waste time is 2.939 s
===================================================================
../Instances/p36 result: 
customer arrange: 20 0 20 14 20 5 17 24 14 17 5 8 8 20 0 14 14 17 5 0 14 0 5 17 5 8 17 24 5 24 5 5 8 27 20 20 24 24 27 14 0 14 24 8 24 14 27 20 27 8 5 14 14 5 20 20 17 27 0 14 0 5 20 27 0 0 24 0 5 5 8 20 5 17 24 8 24 20 14 24 20 0 20 17 17 17 17 0 20 5 17 24 17 27 17 24 14 27 27 20 8 17 17 0 14 5 17 0 14 8 14 14 17 0 0 27 24 24 24 24 5 8 27 20 8 0 5 24 0 27 0 27 24 27 8 14 0 5 20 17 0 8 20 14 8 27 0 5 17 5 
facility : 1 0 0 0 0 1 0 0 1 0 0 0 0 0 1 0 0 1 0 0 1 0 0 0 1 0 0 1 0 0 
cost is 14160
this case waste time is 3.324 s
===================================================================
../Instances/p37 result: 
customer arrange: 20 11 20 14 20 5 14 24 14 17 24 20 20 20 17 14 14 17 5 11 14 17 5 17 5 20 17 24 5 24 5 11 20 11 20 20 24 24 11 14 17 14 24 14 24 14 11 20 11 14 5 14 14 5 20 20 17 11 11 14 17 5 20 11 11 11 24 17 5 24 20 20 11 17 24 20 24 20 14 24 20 17 20 17 17 17 17 17 20 5 17 24 17 11 17 5 14 14 11 20 20 17 17 11 17 5 17 11 14 14 14 14 17 11 11 11 24 24 24 24 5 14 11 20 20 17 5 24 11 11 17 11 24 5 14 14 17 5 20 17 17 20 20 14 20 11 11 5 17 5 
facility : 0 0 0 0 0 1 0 0 0 0 0 1 0 0 1 0 0 1 0 0 1 0 0 0 1 0 0 0 0 0 
cost is 11258
this case waste time is 2.715 s
===================================================================
../Instances/p38 result: 
customer arrange: 20 11 20 14 20 5 17 24 14 17 24 20 20 20 17 14 14 17 5 11 14 0 5 17 5 20 17 24 5 24 5 11 20 11 20 20 24 24 0 14 0 14 24 14 24 14 0 20 11 14 5 14 14 5 20 20 17 11 0 14 0 5 20 11 11 11 24 0 24 24 20 20 11 17 24 20 24 20 14 24 20 0 20 17 17 17 17 0 20 5 17 24 17 11 17 5 14 14 11 20 20 17 17 11 17 5 17 11 14 14 14 14 17 11 11 11 24 24 24 24 5 14 11 20 20 0 5 24 0 5 0 11 24 5 14 14 17 5 20 17 0 20 20 14 20 11 11 5 17 5 
facility : 1 0 0 0 0 1 0 0 0 0 0 1 0 0 1 0 0 1 0 0 1 0 0 0 1 0 0 0 0 0 
cost is 10551
this case waste time is 3.199 s
===================================================================
../Instances/p39 result: 
customer arrange: 20 11 20 14 20 5 14 24 14 17 24 20 20 20 17 14 14 17 5 11 14 17 5 17 5 20 17 24 5 24 5 11 20 11 20 20 24 24 11 14 17 14 24 14 24 14 11 20 11 14 5 14 14 5 20 20 17 11 11 14 17 5 20 11 11 11 24 17 24 24 20 20 11 17 24 20 24 20 14 24 20 17 20 17 17 17 17 17 20 5 17 24 17 11 17 24 14 14 11 20 20 17 17 11 17 5 17 11 14 14 14 14 17 11 11 11 24 24 24 24 5 14 11 20 20 11 5 24 11 5 17 11 24 5 14 14 17 5 20 17 17 20 20 14 20 11 11 5 17 5 
facility : 0 0 0 0 0 1 0 0 0 0 0 1 0 0 1 0 0 1 0 0 1 0 0 0 1 0 0 0 0 0 
cost is 11859
this case waste time is 2.929 s
===================================================================
../Instances/p40 result: 
customer arrange: 20 11 20 14 20 5 14 24 14 17 24 20 20 20 17 14 14 17 5 11 14 17 5 17 5 20 17 24 5 24 5 11 20 11 20 20 24 24 11 14 17 14 24 14 24 14 11 20 11 14 5 14 14 5 20 20 17 11 11 14 17 5 20 11 11 11 24 17 24 24 20 20 11 17 24 20 24 20 14 24 20 17 20 17 17 17 17 17 20 5 17 24 17 11 17 24 14 17 11 20 20 17 17 11 17 5 17 11 14 14 14 14 17 11 11 11 24 24 24 24 5 14 11 20 20 11 5 24 11 5 17 11 24 5 14 14 17 5 20 17 17 20 20 14 20 11 11 5 17 5 
facility : 0 0 0 0 0 1 0 0 0 0 0 1 0 0 1 0 0 1 0 0 1 0 0 0 1 0 0 0 0 0 
cost is 13059
this case waste time is 3.146 s
===================================================================
../Instances/p41 result: 
customer arrange: 5 6 0 6 7 9 7 7 8 8 5 6 7 6 7 7 7 8 0 6 6 6 6 6 6 5 5 0 5 5 8 0 0 0 7 9 9 6 6 9 9 7 7 7 7 5 0 5 5 6 6 6 6 6 7 7 7 8 8 8 0 0 6 5 0 6 6 6 5 5 0 0 5 0 7 7 7 7 6 5 7 9 7 7 9 9 9 9 9 9 
facility : 1 0 0 0 0 1 1 1 1 1 
cost is 6616
this case waste time is 1.845 s
===================================================================
../Instances/p42 result: 
customer arrange: 11 10 11 11 19 19 0 11 17 17 11 19 19 10 19 0 0 17 10 10 10 11 11 11 11 11 11 17 17 11 0 19 19 10 10 10 10 0 0 0 0 11 17 0 11 10 10 19 0 19 17 17 17 17 17 10 17 10 10 10 11 11 11 11 11 11 0 0 19 19 10 19 19 19 19 19 19 19 19 19 
facility : 1 0 0 0 0 0 0 0 0 0 1 1 0 0 0 0 0 1 0 1 
cost is 5936
this case waste time is 2.33 s
===================================================================
../Instances/p43 result: 
customer arrange: 29 21 11 29 3 0 3 21 29 29 29 3 3 0 11 11 21 11 21 0 0 3 0 21 0 3 29 11 29 29 29 29 3 3 0 0 0 0 21 11 29 11 29 29 29 3 3 0 3 11 21 0 0 11 11 11 21 0 3 29 29 29 29 29 29 29 29 29 29 29 
facility : 1 0 0 1 0 0 0 0 0 0 0 1 0 0 0 0 0 0 0 0 0 1 0 0 0 0 0 0 0 1 
cost is 5582
this case waste time is 1.835 s
===================================================================
../Instances/p44 result: 
customer arrange: 4 4 4 4 4 4 4 4 0 0 6 0 0 0 0 0 1 8 1 7 1 1 1 2 2 2 2 2 2 2 2 3 3 3 3 3 3 3 3 3 4 0 1 1 2 8 7 0 9 7 7 6 4 9 8 8 7 7 9 7 7 4 9 3 0 6 6 8 1 0 4 7 9 7 7 8 6 6 7 8 7 9 9 9 9 9 6 7 7 4 
facility : 1 1 1 1 1 0 1 1 1 1 
cost is 7028
this case waste time is 1.886 s
===================================================================
../Instances/p45 result: 
customer arrange: 0 0 0 0 0 0 0 6 6 6 6 6 6 6 6 3 3 3 3 3 3 4 4 4 4 4 4 4 4 5 5 5 5 5 5 5 5 5 0 0 3 3 4 3 18 5 18 3 18 5 3 8 8 18 18 18 5 6 3 3 3 3 0 8 18 3 8 8 3 6 18 3 18 8 8 8 8 5 6 18 
facility : 1 0 0 1 1 1 1 0 1 0 0 0 0 0 0 0 0 0 1 0 
cost is 6310
this case waste time is 2.543 s
===================================================================
../Instances/p46 result: 
customer arrange: 10 10 10 10 10 10 10 18 18 1 1 1 1 1 1 3 3 3 3 3 3 5 5 5 5 5 5 9 9 9 9 27 9 9 10 3 3 5 3 18 18 3 3 10 3 18 18 27 18 18 10 27 27 1 3 18 27 18 18 3 3 1 18 18 27 27 27 27 3 18 
facility : 0 1 0 1 0 1 0 0 0 1 1 0 0 0 0 0 0 0 1 0 0 0 0 0 0 0 0 1 0 0 
cost is 5988
this case waste time is 1.87 s
===================================================================
../Instances/p47 result: 
customer arrange: 0 0 0 0 0 0 0 0 2 0 1 1 1 2 1 1 1 2 2 2 2 2 2 2 2 2 2 3 3 3 3 3 3 3 3 4 4 4 4 4 4 4 4 4 4 4 4 5 5 5 5 5 5 5 6 6 6 6 6 6 6 6 7 7 6 7 6 0 7 7 7 7 7 7 8 8 8 8 6 8 8 8 9 2 9 9 9 0 9 9 
facility : 1 1 1 1 1 1 1 1 1 1 
cost is 6228
this case waste time is 1.966 s
===================================================================
../Instances/p48 result: 
customer arrange: 0 0 0 0 0 0 0 0 0 2 2 2 2 2 2 5 5 5 5 5 5 5 5 5 6 6 6 6 6 6 6 8 8 8 8 8 5 8 8 8 8 8 10 10 10 10 10 10 12 17 12 12 12 12 12 14 14 12 14 17 0 14 14 14 14 17 17 17 17 17 17 17 17 19 19 19 19 19 19 19 
facility : 1 0 1 0 0 1 1 0 1 0 1 0 1 0 1 0 0 1 0 1 
cost is 5643
this case waste time is 2.535 s
===================================================================
../Instances/p49 result: 
customer arrange: 2 2 2 2 2 2 2 2 2 2 2 2 2 7 7 7 7 7 7 7 7 7 9 9 9 9 9 14 14 14 14 14 14 14 14 14 16 16 16 16 16 16 20 20 20 20 20 20 21 20 21 20 2 21 21 21 21 25 25 25 25 25 25 25 28 28 28 28 25 28 
facility : 0 0 1 0 0 0 0 1 0 1 0 0 0 0 1 0 1 0 0 0 1 1 0 0 0 1 0 0 1 0 
cost is 5347
this case waste time is 1.849 s
===================================================================
../Instances/p50 result: 
customer arrange: 3 6 3 0 5 5 5 5 3 7 7 3 6 9 6 9 9 5 5 3 6 0 0 0 0 6 7 3 3 7 7 7 3 3 3 5 9 9 0 6 0 9 9 9 5 5 5 5 7 3 3 5 6 0 0 0 6 6 1 5 9 7 7 7 3 3 0 3 7 7 3 6 6 0 0 3 3 3 3 3 3 5 5 5 6 5 6 7 5 7 9 9 1 6 1 1 1 9 1 1 
facility : 1 1 0 1 0 1 1 1 0 1 
cost is 8744
this case waste time is 2.435 s
===================================================================
../Instances/p51 result: 
customer arrange: 1 10 15 10 13 13 5 5 15 1 5 10 18 13 13 13 13 5 5 15 10 10 10 10 10 10 1 15 15 1 5 1 15 15 15 5 18 13 10 18 10 13 13 13 5 5 5 5 5 15 15 5 18 10 10 10 13 18 18 13 13 5 1 5 15 15 10 10 1 1 15 10 10 10 10 15 15 15 15 15 15 5 13 13 18 13 13 1 18 1 13 13 18 18 18 18 18 18 18 13 
facility : 0 1 0 0 0 1 0 0 0 0 1 0 0 1 0 1 0 0 1 0 
cost is 7498
this case waste time is 2.989 s
===================================================================
../Instances/p52 result: 
customer arrange: 7 7 7 7 7 7 7 7 3 4 4 4 3 4 4 4 4 8 8 8 8 3 3 8 3 9 9 9 9 9 9 9 9 5 6 6 6 6 6 6 6 6 6 6 7 7 4 8 8 5 5 3 4 6 7 5 3 3 3 4 6 5 5 3 3 3 5 7 4 7 6 6 4 3 3 5 3 4 7 6 6 4 3 5 5 3 3 7 5 4 5 5 6 5 5 6 3 4 3 7 
facility : 0 0 0 1 1 1 1 1 1 1 
cost is 9180
this case waste time is 2.197 s
===================================================================
../Instances/p53 result: 
customer arrange: 5 5 5 5 5 5 5 5 7 7 7 7 7 7 7 7 7 12 3 12 12 3 12 12 3 9 9 9 9 9 9 9 9 15 18 18 18 18 18 18 18 18 18 18 5 5 7 12 12 15 15 3 7 18 5 15 3 3 3 7 18 15 15 3 3 3 15 18 7 5 18 18 7 3 3 15 3 7 7 15 18 7 3 15 15 3 3 5 15 3 15 15 18 15 15 18 3 7 3 5 
facility : 0 0 0 1 0 1 0 1 0 1 0 0 1 0 0 1 0 0 1 0 
cost is 8531
this case waste time is 2.724 s
===================================================================
../Instances/p54 result: 
customer arrange: 2 2 2 2 2 2 2 2 2 2 2 2 2 2 2 2 2 2 2 3 3 3 2 3 3 2 3 3 3 3 3 3 3 3 3 3 3 3 3 6 6 8 8 6 8 8 8 8 8 8 3 3 6 6 6 6 6 6 6 6 6 0 4 6 0 6 6 6 6 0 0 6 0 4 4 0 0 0 0 0 0 4 4 4 4 4 4 4 4 4 4 9 4 9 4 9 9 9 9 9 
facility : 1 0 1 1 1 0 1 0 1 1 
cost is 8777
this case waste time is 2.436 s
===================================================================
../Instances/p55 result: 
customer arrange: 18 18 18 18 18 18 18 2 2 2 2 2 2 2 2 2 2 2 2 6 2 6 2 6 2 2 6 2 6 6 6 6 6 6 6 6 6 6 6 7 7 7 7 7 7 7 7 7 6 6 7 6 7 7 7 7 7 7 7 7 7 7 13 7 7 7 7 7 7 13 13 7 13 13 18 13 13 13 13 13 13 15 15 15 15 15 15 15 15 15 15 18 18 18 18 18 18 18 18 18 
facility : 0 0 1 0 0 0 1 1 0 0 0 0 0 1 0 1 0 0 1 0 
cost is 7685
this case waste time is 3.808 s
===================================================================
../Instances/p56 result: 
customer arrange: 7 19 21 27 2 6 21 27 22 28 4 28 3 3 28 7 3 10 22 0 27 16 5 24 10 27 27 28 4 2 19 19 4 16 27 6 8 8 24 16 7 9 6 4 8 19 3 21 19 19 24 16 24 16 8 6 11 9 22 7 4 0 7 8 3 11 5 19 28 25 7 6 6 9 5 5 8 5 8 16 10 0 9 25 4 10 6 5 27 7 28 6 25 25 2 3 11 6 0 28 28 21 25 7 4 0 4 24 22 3 19 4 27 6 11 8 28 7 0 8 9 11 28 19 9 16 2 11 19 0 28 24 25 8 5 9 3 3 28 10 11 22 11 11 25 5 24 21 27 25 24 0 10 0 8 11 2 16 3 3 3 27 10 24 5 27 5 4 3 21 5 8 19 10 4 2 0 10 4 10 5 21 2 19 11 8 28 10 0 21 2 21 6 4 7 6 7 21 10 19 
facility : 1 0 1 1 1 1 1 1 1 1 1 1 0 0 0 0 1 0 0 1 0 1 1 0 1 1 0 1 1 0 
cost is 21451
this case waste time is 4.508 s
===================================================================
../Instances/p57 result: 
customer arrange: 7 6 24 27 15 12 15 28 27 28 4 28 20 3 28 7 3 20 16 27 27 16 5 24 10 27 27 6 4 5 6 26 4 16 27 6 20 8 24 15 7 8 6 4 8 26 3 16 6 20 24 16 24 16 8 6 25 8 7 25 4 0 7 8 3 25 5 20 6 25 7 12 6 8 10 10 20 5 8 16 10 0 26 25 4 10 6 5 27 7 28 6 25 25 0 3 28 6 0 28 28 15 25 7 4 0 4 24 16 3 26 4 27 12 12 8 28 7 0 8 26 25 28 26 26 16 15 12 26 0 28 24 25 20 5 8 3 3 28 10 12 27 12 25 25 5 24 15 27 25 24 0 10 0 8 28 5 15 3 3 3 27 10 24 5 27 5 4 3 15 5 20 28 20 26 0 0 10 4 10 5 15 24 6 12 8 28 10 0 16 5 16 6 4 7 12 7 15 10 6 
facility : 1 0 0 1 1 1 1 1 1 0 1 0 1 0 0 1 1 0 0 0 1 0 0 0 1 1 1 1 1 0 
cost is 27111
this case waste time is 4.542 s
===================================================================
../Instances/p58 result: 
customer arrange: 7 19 21 27 2 6 21 27 27 17 4 17 13 13 19 7 13 20 24 17 7 21 5 24 23 27 27 19 4 5 19 19 4 21 27 6 20 9 24 21 7 9 6 4 9 19 13 21 19 20 24 24 2 21 20 6 25 9 7 25 4 2 7 20 13 11 5 19 19 25 7 6 6 9 23 23 20 23 20 24 23 17 9 25 4 13 6 5 27 7 17 6 25 25 2 13 11 6 17 17 17 21 25 7 4 24 4 24 27 13 19 4 27 6 11 9 11 25 17 9 9 11 17 19 9 24 2 11 9 17 11 24 25 20 23 9 13 13 17 20 11 27 11 25 25 5 24 21 27 25 24 17 23 17 20 11 2 21 13 13 13 27 23 2 5 27 5 4 13 21 5 20 19 20 4 2 24 23 4 20 5 21 2 6 11 9 11 23 17 21 2 21 6 4 7 6 7 21 23 19 
facility : 0 0 1 0 1 1 1 1 0 1 0 1 0 1 0 0 0 1 0 1 1 1 0 1 1 1 0 1 0 0 
cost is 38342
this case waste time is 6.069 s
===================================================================
../Instances/p59 result: 
customer arrange: 18 19 21 22 2 12 21 28 22 28 4 28 13 13 28 18 13 10 22 24 18 21 23 24 10 18 22 19 4 2 19 19 4 21 18 6 10 8 24 21 18 8 6 4 8 19 13 21 19 17 24 24 2 21 8 6 18 8 18 25 4 17 18 8 13 12 23 17 28 25 18 12 6 8 23 23 10 23 8 24 23 17 8 25 4 13 6 2 22 25 28 6 25 25 2 13 28 6 17 28 28 21 25 18 4 24 4 24 22 13 19 4 18 12 12 8 28 25 17 8 19 25 17 19 4 22 2 12 19 17 28 24 12 10 23 8 13 13 28 10 12 22 12 25 25 2 24 21 22 25 24 17 23 17 8 28 2 21 13 13 13 17 10 24 23 22 23 4 13 21 23 8 19 10 4 2 24 10 4 10 2 21 2 6 12 8 28 23 17 21 2 21 6 6 25 12 25 21 10 19 
facility : 0 0 1 0 1 0 1 0 1 0 1 0 1 1 0 0 0 1 1 1 0 1 1 1 1 1 0 0 1 0 
cost is 27776
this case waste time is 4.084 s
===================================================================
../Instances/p60 result: 
customer arrange: 7 19 21 27 21 12 21 27 22 28 4 28 10 3 28 7 3 10 22 27 27 21 5 24 10 27 27 19 4 21 19 19 4 21 27 12 8 8 24 21 7 8 12 4 8 19 3 21 19 10 24 24 24 21 8 12 25 8 22 25 4 17 7 8 3 25 5 17 28 25 7 12 19 8 5 10 10 5 8 24 10 17 8 25 4 10 19 5 27 7 28 19 25 25 5 3 28 12 17 28 28 21 25 7 4 24 4 24 22 3 19 4 27 12 12 8 28 7 17 8 8 25 17 19 4 21 21 12 19 17 28 24 25 10 5 8 3 3 28 10 12 22 12 25 25 5 24 21 27 25 24 17 10 17 8 28 5 21 3 3 3 27 10 24 5 27 5 4 3 21 5 8 19 10 4 21 24 10 4 10 5 21 24 19 12 8 28 10 17 21 21 21 19 4 7 12 7 21 10 19 
facility : 0 0 0 1 1 1 0 1 1 0 1 0 1 0 0 0 0 1 0 1 0 1 1 0 1 1 0 1 1 0 
cost is 20662
this case waste time is 3.404 s
===================================================================
../Instances/p61 result: 
customer arrange: 7 19 2 27 2 12 15 27 27 28 4 28 13 13 28 7 13 13 27 27 27 24 2 24 23 27 27 19 4 2 19 19 4 24 27 12 8 8 24 15 7 8 12 4 8 19 13 2 19 19 24 24 24 15 8 12 7 8 27 7 4 2 7 8 13 12 23 19 28 12 7 12 19 8 23 23 8 23 8 24 23 2 8 7 4 13 19 2 27 7 28 19 7 7 2 13 28 12 2 28 28 15 12 7 4 24 4 24 27 13 19 4 27 12 12 8 28 7 28 8 8 12 28 19 4 15 2 12 19 28 28 24 12 8 23 8 13 13 28 23 12 27 28 12 7 2 24 15 27 7 24 28 23 28 8 28 2 15 13 13 13 27 23 24 23 27 23 4 13 15 23 8 19 8 4 2 24 23 4 23 2 15 2 19 12 8 28 23 27 24 2 2 19 4 7 12 7 15 23 19 
facility : 0 0 1 0 1 0 0 1 1 0 0 0 1 1 0 1 0 0 0 1 0 0 0 1 1 0 0 1 1 0 
cost is 25244
this case waste time is 3.529 s
===================================================================
../Instances/p62 result: 
customer arrange: 7 6 21 27 21 6 21 27 27 28 26 28 10 5 28 7 5 10 27 27 27 21 5 24 10 27 27 28 26 21 6 26 26 21 27 6 8 8 24 21 7 8 6 26 8 26 8 21 6 10 24 24 24 21 8 6 11 8 27 7 26 24 7 8 8 11 5 28 28 11 7 6 6 8 5 5 10 5 8 24 10 5 26 7 26 10 6 5 27 7 28 6 7 11 5 8 11 6 5 28 28 21 11 7 26 24 26 24 27 8 26 6 27 6 11 8 28 7 28 8 26 11 28 6 26 21 21 11 26 28 28 24 11 10 5 8 8 8 28 10 11 27 11 11 11 5 24 21 27 11 24 28 10 28 8 11 5 21 8 8 10 27 10 24 5 27 5 26 10 21 5 8 28 10 26 21 24 10 26 10 5 21 24 6 11 8 28 10 27 21 21 21 6 6 7 6 7 21 10 6 
facility : 0 0 0 0 0 1 1 1 1 0 1 1 0 0 0 0 0 0 0 0 0 1 0 0 1 0 1 1 1 0 
cost is 33694
this case waste time is 3.491 s
===================================================================
../Instances/p63 result: 
customer arrange: 18 6 2 24 2 6 15 28 18 28 4 28 13 13 28 18 13 13 24 24 18 24 23 24 23 18 24 28 4 2 6 4 4 24 28 6 8 8 24 15 18 8 6 4 8 4 13 2 6 17 24 24 2 15 8 6 25 8 18 25 4 2 25 8 13 25 23 17 28 25 18 6 6 8 23 23 8 23 8 24 23 17 8 25 4 13 4 2 24 25 28 6 25 25 2 13 28 6 17 28 28 15 25 18 4 24 4 24 24 13 6 4 18 6 6 8 28 25 17 8 8 25 17 6 4 15 2 28 4 17 28 24 25 8 23 8 13 13 28 17 6 18 28 25 25 2 24 15 18 25 24 17 23 17 8 28 2 15 13 13 13 24 23 24 23 18 23 4 13 15 23 8 28 17 4 2 24 23 4 23 2 15 2 6 25 8 28 23 17 2 2 2 6 4 25 6 25 15 23 6 
facility : 0 0 1 0 1 0 1 0 1 0 0 0 0 1 0 1 0 1 1 0 0 0 0 1 1 1 0 0 1 0 
cost is 25453
this case waste time is 3.362 s
===================================================================
../Instances/p64 result: 
customer arrange: 7 19 21 27 21 12 21 27 22 28 4 28 10 3 28 7 3 10 22 0 27 21 5 24 10 27 27 19 4 21 19 19 4 21 27 12 8 8 24 21 7 8 12 4 8 19 3 21 19 10 24 24 24 21 8 12 25 8 22 7 4 0 7 8 3 25 5 19 28 25 7 12 19 8 5 10 10 5 8 24 10 0 8 25 4 10 19 5 27 7 28 19 25 25 0 3 28 12 0 28 28 21 25 7 4 0 4 24 22 3 19 4 27 12 12 8 28 7 0 8 8 25 28 19 4 21 21 12 19 0 28 24 25 10 5 8 3 3 28 10 12 22 12 25 25 5 24 21 27 25 24 0 10 0 8 28 5 21 3 3 3 27 10 24 5 27 5 4 3 21 5 8 19 10 4 21 0 10 4 10 5 21 21 19 12 8 28 10 0 21 21 21 19 4 7 12 7 21 10 19 
facility : 1 0 0 1 1 1 0 1 1 0 1 0 1 0 0 0 0 0 0 1 0 1 1 0 1 1 0 1 1 0 
cost is 20530
this case waste time is 4.062 s
===================================================================
../Instances/p65 result: 
customer arrange: 18 19 21 24 21 12 21 28 18 28 4 28 10 3 28 18 3 10 24 24 18 21 5 24 10 18 24 19 4 21 19 19 4 21 28 12 8 8 24 21 18 8 12 4 8 19 3 21 19 10 24 24 24 21 8 12 25 8 18 25 4 24 25 8 3 25 5 19 28 25 18 12 19 8 5 10 10 5 8 24 10 5 8 25 4 10 19 5 24 25 28 19 25 25 5 3 28 12 10 28 28 21 25 18 4 24 4 24 24 3 19 4 18 12 12 8 28 25 28 8 8 25 28 19 4 21 21 12 19 28 28 24 25 10 5 8 3 3 28 10 12 18 12 25 25 5 24 21 18 25 24 28 10 28 8 28 5 21 3 3 3 24 10 24 5 24 5 4 3 21 5 8 19 10 4 21 24 10 4 10 5 21 21 19 12 8 28 10 24 21 21 21 19 4 25 12 25 21 10 19 
facility : 0 0 0 1 1 1 0 0 1 0 1 0 1 0 0 0 0 0 1 1 0 1 0 0 1 1 0 0 1 0 
cost is 24610
this case waste time is 3.293 s
===================================================================
../Instances/p66 result: 
customer arrange: 18 28 21 18 2 12 21 28 18 28 4 28 10 10 28 18 10 10 18 28 18 21 2 21 10 18 18 28 4 2 4 4 4 21 28 12 8 8 21 21 18 8 12 4 8 4 8 21 28 10 2 21 21 21 8 12 12 8 18 18 4 2 18 8 8 12 2 28 28 12 18 12 4 8 10 10 8 10 8 21 10 2 8 12 4 10 4 2 18 18 28 4 18 12 2 8 28 12 2 28 28 21 12 18 4 2 4 21 18 8 4 4 18 12 12 8 28 18 10 8 8 12 28 4 4 21 2 12 4 28 28 21 12 10 10 8 8 8 28 10 12 18 12 12 12 2 21 21 18 12 2 28 10 28 8 28 2 21 8 8 10 28 10 2 10 18 2 4 8 21 2 8 28 10 4 2 2 10 4 10 2 21 2 28 12 8 28 10 28 21 2 21 4 4 18 12 18 21 10 28 
facility : 0 0 1 0 1 0 0 0 1 0 1 0 1 0 0 0 0 0 1 0 0 1 0 0 0 0 0 0 1 0 
cost is 31879
this case waste time is 3.403 s
===================================================================
../Instances/p67 result: 
customer arrange: 18 6 24 24 15 6 15 28 24 28 4 28 3 3 28 18 3 8 18 0 18 24 23 24 23 18 24 28 4 15 6 6 4 15 28 6 8 8 24 15 18 8 6 4 8 4 3 15 28 8 24 24 24 24 8 6 18 8 18 25 4 0 18 8 3 25 23 28 28 25 18 25 6 8 23 23 8 23 8 24 23 0 8 25 4 3 4 15 24 25 28 6 25 25 0 3 28 6 0 28 28 15 25 18 4 0 4 24 18 3 6 4 18 6 6 8 28 25 0 3 8 25 28 6 4 15 0 25 4 0 28 24 25 8 23 8 3 3 28 23 6 18 28 25 25 23 24 15 18 25 24 0 23 0 8 28 0 15 3 3 23 0 23 0 23 18 23 4 3 15 3 8 28 0 4 15 0 8 4 23 15 15 24 6 25 8 28 23 0 24 0 15 6 4 25 6 25 15 23 6 
facility : 1 0 0 1 1 0 1 0 1 0 0 0 0 0 0 1 0 0 1 0 0 0 0 1 1 1 0 0 1 0 
cost is 26649
this case waste time is 3.362 s
===================================================================
../Instances/p68 result: 
customer arrange: 18 19 21 27 21 12 21 27 18 28 4 28 13 13 28 18 13 10 27 0 18 21 5 24 10 18 27 19 4 21 19 19 4 21 27 12 8 8 24 21 18 8 12 4 8 19 13 21 19 10 24 24 24 21 8 12 25 8 18 25 4 0 18 8 13 25 5 19 28 25 18 12 19 8 5 13 10 5 8 24 10 0 8 25 4 13 19 5 27 25 28 19 25 25 0 13 28 12 0 28 28 21 25 18 4 0 4 24 27 13 19 4 27 12 12 8 28 25 0 8 8 25 28 19 4 21 21 12 19 0 28 24 25 10 5 8 13 13 28 10 12 27 12 25 25 5 24 21 27 25 24 0 10 0 8 28 5 21 13 13 13 27 10 24 5 27 5 4 13 21 5 8 19 10 4 21 0 10 4 10 5 21 21 19 12 8 28 10 0 21 21 21 19 4 25 12 25 21 10 19 
facility : 1 0 0 0 1 1 0 0 1 0 1 0 1 1 0 0 0 0 1 1 0 1 0 0 1 1 0 1 1 0 
cost is 20840
this case waste time is 3.515 s
===================================================================
../Instances/p69 result: 
customer arrange: 7 19 21 27 21 6 21 27 27 28 4 28 13 13 28 7 13 20 27 0 27 21 5 0 20 27 27 19 4 21 19 19 4 21 27 6 20 8 27 21 7 8 6 4 8 19 13 21 19 20 0 21 21 21 8 6 25 8 27 25 4 0 7 8 13 25 5 19 28 25 7 6 19 8 5 13 20 5 8 21 13 0 8 25 4 13 6 5 27 7 28 6 25 25 0 13 28 6 0 28 28 21 25 7 4 0 4 27 27 13 19 4 27 6 6 8 28 7 0 8 20 25 28 19 4 21 21 25 19 0 28 21 25 20 5 8 13 13 28 20 6 27 6 25 25 5 27 21 27 25 27 0 5 0 8 28 5 21 13 13 13 27 20 0 5 27 5 4 13 21 5 20 19 20 4 21 0 20 4 20 5 21 21 19 25 8 28 13 0 21 21 21 6 4 7 6 7 21 20 19 
facility : 1 0 0 0 1 1 1 1 1 0 0 0 0 1 0 0 0 0 0 1 1 1 0 0 0 1 0 1 1 0 
cost is 25622
this case waste time is 3.4 s
===================================================================
../Instances/p70 result: 
customer arrange: 7 19 24 27 16 11 16 27 27 27 29 19 20 13 19 7 13 20 27 27 27 16 0 24 20 27 27 19 29 24 19 19 29 16 27 11 20 9 24 16 7 9 19 29 9 19 13 16 19 20 24 16 24 16 9 11 11 9 7 7 29 0 7 20 13 11 0 19 19 11 7 11 19 9 20 13 20 0 9 16 20 0 9 7 29 13 19 0 27 7 27 19 7 7 0 13 11 11 0 11 19 16 11 7 29 0 29 24 27 13 19 29 27 11 11 9 27 7 0 9 9 11 0 19 9 16 16 11 9 0 11 24 11 20 13 9 13 13 27 20 11 27 11 11 7 0 24 16 27 7 24 0 13 0 20 11 0 16 13 13 13 27 20 24 0 27 0 29 13 16 13 20 19 20 9 24 0 20 29 20 0 16 24 19 11 9 11 13 0 16 0 16 19 29 7 11 7 16 20 19 
facility : 1 0 0 0 0 0 0 1 0 1 0 1 0 1 0 0 1 0 0 1 1 0 0 0 1 0 0 1 0 1 
cost is 34882
this case waste time is 2.927 s
===================================================================
../Instances/p71 result: 
customer arrange: 18 19 21 27 21 6 21 27 18 28 4 28 13 13 28 18 13 8 27 27 18 21 23 24 23 18 27 19 4 21 19 19 4 21 27 6 8 8 24 21 18 8 6 4 8 19 13 21 19 17 24 24 24 21 8 6 25 8 18 25 4 24 18 8 13 25 23 19 28 25 18 6 19 8 23 23 8 23 8 24 13 17 8 25 4 13 19 21 27 25 28 6 25 25 17 13 28 6 17 28 17 21 25 18 4 24 4 24 27 13 19 4 27 6 6 8 28 25 17 8 8 25 17 19 4 21 21 28 19 17 28 24 25 8 23 8 13 13 28 17 6 27 28 25 25 23 24 21 27 25 24 17 23 17 8 28 21 21 13 13 13 27 13 24 23 27 23 4 13 21 23 8 19 17 4 21 24 8 4 8 23 21 21 19 6 8 28 23 17 21 21 21 6 4 25 6 25 21 13 19 
facility : 0 0 0 0 1 0 1 0 1 0 0 0 0 1 0 0 0 1 1 1 0 1 0 1 1 1 0 1 1 0 
cost is 26463
this case waste time is 3.989 s
===================================================================
71 cases cost sum is 949453
